model: OPENCV
width: 1920
height: 1080
params: [1000.000000, 1000.000000, 960.000000, 540.000000, 0.000000, 0.000000, 0.000000, 0.000000]